%YAML:1.0
---
K: !!opencv-matrix
   rows: 3
   cols: 3
   dt: d
   data: [ 3.0034664837920918e+03, 0., 1.9252454530858661e+03, 0.,
       3.0044620156969445e+03, 1.5513051703277802e+03, 0., 0., 1. ]
D: !!opencv-matrix
   rows: 1
   cols: 5
   dt: d
   data: [ 2.6194533165391254e-01, -1.2411142152219805e+00,
       -8.9859933712511074e-04, -5.3399474717043417e-03,
       1.8020322820724852e+00 ]
