%YAML:1.0
---
K: !!opencv-matrix
   rows: 3
   cols: 3
   dt: d
   data: [ 1.5183554714012168e+03, 0., 9.4975708764664671e+02, 0.,
       1.5064414313334394e+03, 4.9936387453444576e+02, 0., 0., 1. ]
D: !!opencv-matrix
   rows: 1
   cols: 5
   dt: d
   data: [ 1.8942455571184924e-01, -9.1874723963265992e-01,
       -2.4100946348643375e-03, -2.7817147777845375e-03,
       1.1366262836424277e+00 ]
